positives/positive_0.jpeg 3 41 73 5 5 32 120 27 27 80 69 21 21 
positives/positive_1.jpeg 1 118 172 23 23 
positives/positive_2.jpeg 1 137 159 5 5 
positives/positive_3.jpeg 7 21 163 15 15 50 52 15 15 88 111 7 7 112 152 19 19 119 94 21 21 119 30 27 27 177 42 9 9 
positives/positive_4.jpeg 1 121 89 7 7 
positives/positive_5.jpeg 5 35 146 15 15 56 30 21 21 84 96 13 13 119 99 5 5 129 60 21 21 
positives/positive_6.jpeg 5 49 75 17 17 86 64 21 21 108 144 17 17 140 4 21 21 172 133 13 13 
positives/positive_7.jpeg 8 45 169 19 19 69 104 17 17 78 22 27 27 86 56 13 13 130 183 5 5 131 142 7 7 136 45 7 7 154 166 13 13 
positives/positive_8.jpeg 1 147 65 11 11 
positives/positive_9.jpeg 2 34 39 21 21 159 162 21 21 
positives/positive_10.jpeg 7 34 69 21 21 67 156 19 19 81 36 11 11 110 131 15 15 111 73 27 27 154 22 3 3 151 75 27 27 
positives/positive_11.jpeg 0 
positives/positive_12.jpeg 8 13 61 23 23 31 9 21 21 53 91 9 9 87 100 29 29 132 176 3 3 129 126 27 27 139 79 17 17 172 100 13 13 
positives/positive_13.jpeg 2 97 36 13 13 173 55 15 15 
positives/positive_14.jpeg 1 88 81 29 29 
positives/positive_15.jpeg 6 20 146 5 5 32 89 3 3 67 34 23 23 111 18 11 11 133 48 9 9 147 8 15 15 
positives/positive_16.jpeg 6 30 92 9 9 92 53 3 3 122 148 11 11 141 182 5 5 147 111 9 9 178 18 9 9 
positives/positive_17.jpeg 1 149 25 7 7 
positives/positive_18.jpeg 8 63 89 23 23 64 163 23 23 91 6 23 23 93 107 19 19 102 68 27 27 114 170 19 19 147 77 17 17 172 42 23 23 
positives/positive_19.jpeg 2 85 138 15 15 160 54 11 11 
positives/positive_20.jpeg 6 61 60 25 25 70 127 17 17 94 161 21 21 120 60 13 13 132 147 17 17 171 31 19 19 
positives/positive_21.jpeg 3 21 156 7 7 47 67 7 7 49 178 9 9 
positives/positive_22.jpeg 2 35 31 17 17 89 70 7 7 
positives/positive_23.jpeg 1 42 156 29 29 
positives/positive_24.jpeg 4 33 30 17 17 92 76 17 17 109 112 3 3 177 142 7 7 
positives/positive_25.jpeg 1 93 128 15 15 
positives/positive_26.jpeg 8 29 175 11 11 43 136 21 21 61 10 17 17 71 168 11 11 73 50 23 23 131 32 7 7 150 95 27 27 165 39 29 29 
positives/positive_27.jpeg 7 15 16 19 19 64 139 21 21 73 71 19 19 80 109 13 13 105 54 21 21 131 164 7 7 155 122 17 17 
positives/positive_28.jpeg 7 8 36 17 17 82 141 29 29 115 49 27 27 124 99 11 11 117 20 29 29 145 130 21 21 163 74 17 17 
positives/positive_29.jpeg 2 98 51 3 3 118 133 5 5 
positives/positive_30.jpeg 5 8 128 23 23 51 169 9 9 132 122 23 23 158 155 13 13 161 33 23 23 
positives/positive_31.jpeg 7 23 31 13 13 45 170 25 25 70 111 15 15 98 9 27 27 100 104 23 23 157 37 17 17 174 115 5 5 
positives/positive_32.jpeg 7 11 150 19 19 15 34 27 27 43 127 21 21 100 133 23 23 134 141 9 9 141 19 15 15 176 33 7 7 
positives/positive_33.jpeg 6 5 119 19 19 66 55 21 21 119 38 27 27 145 10 19 19 150 119 19 19 153 83 27 27 
positives/positive_34.jpeg 1 127 126 21 21 
positives/positive_35.jpeg 1 84 30 19 19 
positives/positive_36.jpeg 5 55 120 17 17 114 88 29 29 147 155 7 7 163 105 23 23 171 43 13 13 
positives/positive_37.jpeg 2 46 6 19 19 123 90 3 3 
positives/positive_38.jpeg 7 9 113 17 17 21 54 13 13 24 83 15 15 31 10 23 23 51 169 21 21 81 60 9 9 136 16 27 27 
positives/positive_39.jpeg 4 111 147 3 3 139 172 5 5 174 184 3 3 170 104 27 27 
positives/positive_40.jpeg 1 80 120 7 7 
positives/positive_41.jpeg 2 52 29 3 3 90 135 15 15 
positives/positive_42.jpeg 2 130 63 21 21 135 157 13 13 
positives/positive_43.jpeg 2 85 54 27 27 129 89 21 21 
positives/positive_44.jpeg 7 28 66 7 7 52 43 15 15 50 107 23 23 98 155 5 5 119 51 7 7 136 111 19 19 142 150 13 13 
positives/positive_45.jpeg 5 10 55 29 29 18 170 25 25 66 78 27 27 105 71 3 3 100 7 15 15 
positives/positive_46.jpeg 2 31 157 11 11 75 1 29 29 
positives/positive_47.jpeg 7 4 69 21 21 63 111 21 21 73 171 9 9 76 48 9 9 107 53 13 13 101 105 27 27 138 97 25 25 
positives/positive_48.jpeg 0 
positives/positive_49.jpeg 0 
positives/positive_50.jpeg 2 83 156 21 21 123 6 19 19 
positives/positive_51.jpeg 4 17 158 21 21 41 45 19 19 75 23 13 13 98 97 15 15 
positives/positive_52.jpeg 7 28 168 25 25 53 142 11 11 71 109 21 21 123 14 11 11 119 99 25 25 132 155 11 11 140 64 21 21 
positives/positive_53.jpeg 4 93 119 21 21 111 34 19 19 125 166 13 13 167 42 11 11 
positives/positive_54.jpeg 1 106 32 17 17 
positives/positive_55.jpeg 3 16 128 15 15 83 152 19 19 142 129 21 21 
positives/positive_56.jpeg 3 7 139 29 29 81 162 17 17 92 20 25 25 
positives/positive_57.jpeg 7 31 44 29 29 40 126 23 23 79 166 29 29 91 111 19 19 112 145 9 9 144 46 13 13 147 150 23 23 
positives/positive_58.jpeg 1 73 180 11 11 
positives/positive_59.jpeg 1 161 31 27 27 
positives/positive_60.jpeg 5 30 169 25 25 63 76 21 21 113 62 9 9 134 52 23 23 146 111 5 5 
positives/positive_61.jpeg 4 24 16 13 13 27 132 21 21 83 63 27 27 173 32 21 21 
positives/positive_62.jpeg 4 49 34 9 9 116 153 25 25 140 98 13 13 179 50 7 7 
positives/positive_63.jpeg 1 88 10 9 9 
positives/positive_64.jpeg 2 77 54 19 19 90 15 15 15 
positives/positive_65.jpeg 4 22 107 17 17 19 173 25 25 55 158 13 13 95 150 15 15 
positives/positive_66.jpeg 3 82 83 11 11 136 158 17 17 144 48 13 13 
positives/positive_67.jpeg 5 11 112 25 25 93 176 19 19 116 124 9 9 119 50 5 5 169 54 17 17 
positives/positive_68.jpeg 1 136 33 27 27 
positives/positive_69.jpeg 1 144 20 21 21 
positives/positive_70.jpeg 4 36 111 15 15 67 79 19 19 136 88 21 21 162 25 15 15 
positives/positive_71.jpeg 7 13 125 9 9 55 143 25 25 116 100 17 17 139 72 13 13 135 168 25 25 146 20 11 11 146 140 19 19 
positives/positive_72.jpeg 3 6 48 23 23 101 171 19 19 130 139 15 15 
positives/positive_73.jpeg 8 7 142 19 19 21 36 21 21 40 125 19 19 74 164 11 11 80 103 19 19 119 160 15 15 163 176 7 7 165 11 17 17 
positives/positive_74.jpeg 2 125 157 23 23 153 119 7 7 
positives/positive_75.jpeg 5 10 29 13 13 56 130 5 5 62 2 27 27 111 163 27 27 134 64 23 23 
positives/positive_76.jpeg 6 3 8 27 27 52 128 23 23 101 157 9 9 147 53 9 9 147 25 11 11 154 175 15 15 
positives/positive_77.jpeg 7 7 167 27 27 29 22 15 15 32 66 27 27 53 112 23 23 114 56 7 7 113 86 11 11 175 175 9 9 
positives/positive_78.jpeg 7 25 152 25 25 60 109 15 15 92 139 17 17 101 108 5 5 102 44 11 11 140 39 11 11 165 85 23 23 
positives/positive_79.jpeg 3 69 129 21 21 86 31 9 9 152 176 15 15 
positives/positive_80.jpeg 6 22 59 3 3 47 172 11 11 62 108 23 23 83 85 13 13 146 28 7 7 164 95 17 17 
positives/positive_81.jpeg 6 24 129 23 23 56 98 3 3 64 161 23 23 89 89 21 21 91 169 29 29 106 10 19 19 
positives/positive_82.jpeg 3 25 23 19 19 28 68 23 23 95 80 15 15 
positives/positive_83.jpeg 1 125 68 27 27 
positives/positive_84.jpeg 7 26 140 7 7 20 97 23 23 72 24 23 23 137 66 13 13 136 140 25 25 150 89 25 25 180 144 11 11 
positives/positive_85.jpeg 1 174 4 21 21 
positives/positive_86.jpeg 6 31 173 11 11 56 128 27 27 73 64 17 17 132 166 3 3 134 97 21 21 166 34 23 23 
positives/positive_87.jpeg 0 
positives/positive_88.jpeg 3 13 28 3 3 56 50 21 21 165 83 11 11 
positives/positive_89.jpeg 3 88 54 19 19 122 9 25 25 162 65 19 19 
positives/positive_90.jpeg 5 7 71 15 15 29 157 5 5 63 61 29 29 127 93 7 7 130 48 27 27 
positives/positive_91.jpeg 2 76 8 21 21 153 45 9 9 
positives/positive_92.jpeg 6 48 115 23 23 104 49 5 5 105 10 27 27 150 54 7 7 147 162 27 27 167 79 27 27 
positives/positive_93.jpeg 4 32 41 11 11 95 128 23 23 137 46 7 7 152 127 23 23 
positives/positive_94.jpeg 2 103 80 15 15 125 180 5 5 
positives/positive_95.jpeg 4 27 66 21 21 52 107 25 25 75 179 11 11 127 82 11 11 
positives/positive_96.jpeg 6 6 69 27 27 78 88 3 3 72 21 23 23 126 87 7 7 159 165 11 11 172 133 19 19 
positives/positive_97.jpeg 7 32 36 25 25 60 12 9 9 76 107 27 27 103 36 11 11 127 98 19 19 148 48 5 5 180 174 3 3 
positives/positive_98.jpeg 3 40 25 9 9 79 33 23 23 127 102 21 21 
positives/positive_99.jpeg 7 19 83 25 25 35 135 9 9 44 10 23 23 43 48 27 27 140 63 15 15 141 175 21 21 155 96 9 9 
positives/positive_100.jpeg 2 23 124 21 21 154 141 13 13 
positives/positive_101.jpeg 5 43 87 9 9 45 106 25 25 91 48 7 7 145 165 11 11 172 101 17 17 
positives/positive_102.jpeg 4 26 14 5 5 131 89 25 25 142 5 25 25 152 39 29 29 
positives/positive_103.jpeg 7 5 108 23 23 13 49 9 9 58 81 7 7 65 14 9 9 135 157 17 17 160 76 13 13 162 103 23 23 
positives/positive_104.jpeg 1 146 83 9 9 
positives/positive_105.jpeg 8 47 72 9 9 90 21 13 13 96 172 9 9 89 131 27 27 132 94 25 25 150 56 15 15 159 34 5 5 182 133 5 5 
positives/positive_106.jpeg 2 13 55 11 11 91 96 19 19 
positives/positive_107.jpeg 1 126 138 23 23 
positives/positive_108.jpeg 3 0 92 29 29 29 10 27 27 41 89 21 21 
positives/positive_109.jpeg 6 31 58 11 11 65 123 7 7 87 53 25 25 98 23 23 23 114 157 17 17 160 5 23 23 
positives/positive_110.jpeg 3 101 113 11 11 137 107 5 5 171 18 11 11 
positives/positive_111.jpeg 0 
positives/positive_112.jpeg 1 31 86 3 3 
positives/positive_113.jpeg 2 111 16 11 11 134 62 19 19 
positives/positive_114.jpeg 4 21 102 5 5 35 168 21 21 73 146 9 9 135 131 11 11 
positives/positive_115.jpeg 3 49 9 19 19 118 146 19 19 175 38 3 3 
positives/positive_116.jpeg 4 10 136 23 23 32 79 5 5 42 19 23 23 53 124 5 5 
positives/positive_117.jpeg 5 9 154 25 25 36 79 3 3 61 93 17 17 77 29 19 19 113 117 25 25 
positives/positive_118.jpeg 7 26 127 27 27 44 10 27 27 82 159 11 11 108 42 19 19 109 84 19 19 120 109 23 23 157 91 27 27 
positives/positive_119.jpeg 3 20 109 7 7 42 40 11 11 145 123 9 9 
positives/positive_120.jpeg 5 30 110 29 29 34 27 27 27 142 58 25 25 154 160 11 11 180 36 11 11 
positives/positive_121.jpeg 6 45 115 11 11 84 42 27 27 120 99 5 5 160 76 9 9 170 28 9 9 162 97 27 27 
positives/positive_122.jpeg 6 18 88 19 19 15 169 29 29 23 127 15 15 64 16 29 29 83 96 9 9 109 110 23 23 
positives/positive_123.jpeg 0 
positives/positive_124.jpeg 8 29 177 13 13 41 110 19 19 48 76 11 11 53 12 25 25 69 127 23 23 130 119 11 11 154 30 5 5 165 113 27 27 
positives/positive_125.jpeg 4 59 31 25 25 76 176 5 5 125 182 7 7 128 88 7 7 
positives/positive_126.jpeg 1 162 139 23 23 
positives/positive_127.jpeg 3 31 46 21 21 125 118 11 11 154 76 5 5 
positives/positive_128.jpeg 1 182 141 3 3 
positives/positive_129.jpeg 5 10 27 13 13 39 177 11 11 52 25 17 17 87 63 13 13 175 39 9 9 
positives/positive_130.jpeg 0 
positives/positive_131.jpeg 5 48 50 5 5 49 163 21 21 72 50 29 29 111 113 5 5 152 164 27 27 
positives/positive_132.jpeg 6 37 32 7 7 87 86 23 23 99 15 15 15 136 81 19 19 135 143 25 25 162 24 13 13 
positives/positive_133.jpeg 7 24 23 17 17 56 142 11 11 84 173 5 5 113 179 7 7 144 136 3 3 153 100 11 11 170 60 27 27 
positives/positive_134.jpeg 2 38 39 17 17 103 150 19 19 
positives/positive_135.jpeg 6 10 41 19 19 38 163 15 15 57 34 17 17 119 157 9 9 165 140 5 5 157 65 29 29 
positives/positive_136.jpeg 7 22 159 27 27 36 129 21 21 47 8 13 13 53 55 11 11 138 139 27 27 172 116 7 7 182 81 5 5 
positives/positive_137.jpeg 8 7 69 15 15 79 81 5 5 70 116 27 27 85 158 11 11 93 14 15 15 117 133 9 9 116 173 23 23 134 59 7 7 
positives/positive_138.jpeg 0 
positives/positive_139.jpeg 8 13 119 19 19 27 173 25 25 59 65 3 3 49 115 23 23 65 12 11 11 87 116 27 27 105 40 11 11 170 14 17 17 
positives/positive_140.jpeg 6 21 46 29 29 53 64 27 27 73 145 17 17 96 40 13 13 152 49 7 7 159 167 5 5 
positives/positive_141.jpeg 7 14 17 19 19 76 22 13 13 78 105 9 9 107 134 13 13 141 52 9 9 139 106 27 27 169 171 15 15 
positives/positive_142.jpeg 6 30 65 13 13 55 15 13 13 70 148 21 21 91 106 7 7 100 13 21 21 132 142 21 21 
positives/positive_143.jpeg 6 14 134 23 23 36 57 7 7 40 114 29 29 47 84 29 29 63 178 5 5 106 167 13 13 
positives/positive_144.jpeg 3 22 114 5 5 24 67 15 15 65 81 19 19 
positives/positive_145.jpeg 4 6 61 17 17 75 46 7 7 77 147 27 27 175 174 3 3 
positives/positive_146.jpeg 5 26 63 7 7 67 52 23 23 88 135 19 19 118 69 25 25 142 19 25 25 
positives/positive_147.jpeg 0 
positives/positive_148.jpeg 4 17 18 29 29 50 120 27 27 94 149 27 27 119 86 13 13 
positives/positive_149.jpeg 7 6 74 21 21 34 55 19 19 73 60 3 3 65 13 25 25 95 119 19 19 134 38 17 17 142 10 11 11 
positives/positive_150.jpeg 1 46 88 5 5 
positives/positive_151.jpeg 5 31 93 11 11 55 134 11 11 54 77 19 19 53 30 23 23 93 99 17 17 
positives/positive_152.jpeg 6 24 29 7 7 63 59 19 19 66 23 15 15 104 87 25 25 152 78 3 3 176 40 13 13 
positives/positive_153.jpeg 0 
positives/positive_154.jpeg 6 14 155 15 15 40 32 5 5 59 85 27 27 74 33 15 15 141 160 11 11 182 67 7 7 
positives/positive_155.jpeg 1 25 123 17 17 
positives/positive_156.jpeg 6 29 27 27 27 80 127 5 5 71 6 25 25 122 140 13 13 176 158 11 11 177 53 13 13 
positives/positive_157.jpeg 2 60 35 3 3 146 114 3 3 
positives/positive_158.jpeg 7 29 106 23 23 51 78 19 19 62 161 13 13 64 43 15 15 91 131 11 11 95 32 27 27 157 132 25 25 
positives/positive_159.jpeg 6 30 157 27 27 70 104 11 11 82 139 29 29 108 60 23 23 157 44 11 11 173 20 5 5 
positives/positive_160.jpeg 2 1 150 27 27 90 117 27 27 
positives/positive_161.jpeg 2 12 130 13 13 103 55 21 21 
positives/positive_162.jpeg 6 26 57 17 17 28 13 19 19 62 49 11 11 88 78 21 21 132 71 11 11 163 170 23 23 
positives/positive_163.jpeg 0 
positives/positive_164.jpeg 3 39 71 9 9 52 103 5 5 177 125 7 7 
positives/positive_165.jpeg 3 8 34 17 17 39 142 7 7 155 97 25 25 
positives/positive_166.jpeg 7 26 147 21 21 34 102 15 15 42 72 7 7 69 104 7 7 66 53 17 17 132 120 27 27 175 11 11 11 
positives/positive_167.jpeg 0 
positives/positive_168.jpeg 7 25 132 23 23 44 64 9 9 85 128 13 13 101 38 9 9 104 91 19 19 144 147 19 19 165 98 13 13 
positives/positive_169.jpeg 6 3 105 27 27 52 142 23 23 62 28 17 17 91 167 3 3 151 63 5 5 158 179 13 13 
positives/positive_170.jpeg 1 9 93 25 25 
positives/positive_171.jpeg 1 81 166 17 17 
positives/positive_172.jpeg 3 34 104 25 25 78 50 25 25 165 24 7 7 
positives/positive_173.jpeg 7 6 53 27 27 19 94 7 7 43 77 17 17 59 114 7 7 66 179 5 5 146 147 7 7 182 15 7 7 
positives/positive_174.jpeg 1 125 13 5 5 
positives/positive_175.jpeg 7 60 1 29 29 95 143 29 29 105 64 15 15 130 117 9 9 135 160 23 23 174 93 15 15 176 149 19 19 
positives/positive_176.jpeg 5 14 11 25 25 54 46 21 21 101 98 3 3 118 178 7 7 167 104 21 21 
positives/positive_177.jpeg 7 21 113 19 19 51 84 5 5 49 28 15 15 64 179 13 13 112 19 5 5 172 174 11 11 172 29 25 25 
positives/positive_178.jpeg 8 24 163 13 13 34 102 3 3 24 130 23 23 86 135 21 21 109 22 21 21 159 66 13 13 156 164 23 23 166 20 11 11 
positives/positive_179.jpeg 3 41 52 17 17 95 33 25 25 125 63 27 27 
positives/positive_180.jpeg 3 20 72 5 5 47 17 5 5 174 140 19 19 
positives/positive_181.jpeg 7 49 181 5 5 73 21 5 5 100 81 17 17 127 170 25 25 156 17 13 13 166 148 23 23 175 105 11 11 
positives/positive_182.jpeg 4 50 38 27 27 112 82 15 15 136 156 21 21 165 38 27 27 
positives/positive_183.jpeg 3 68 68 21 21 148 72 17 17 153 105 13 13 
positives/positive_184.jpeg 1 103 103 15 15 
positives/positive_185.jpeg 2 36 85 17 17 65 45 3 3 
positives/positive_186.jpeg 3 58 87 9 9 100 75 25 25 149 171 7 7 
positives/positive_187.jpeg 2 83 74 11 11 170 33 21 21 
positives/positive_188.jpeg 2 30 57 13 13 181 170 9 9 
positives/positive_189.jpeg 3 32 81 11 11 119 152 3 3 171 129 15 15 
positives/positive_190.jpeg 5 31 38 25 25 90 145 17 17 154 101 5 5 150 157 25 25 165 56 7 7 
positives/positive_191.jpeg 4 30 158 13 13 62 60 15 15 97 40 7 7 161 94 11 11 
positives/positive_192.jpeg 6 7 174 17 17 55 100 9 9 68 148 7 7 148 62 13 13 160 143 19 19 177 58 11 11 
positives/positive_193.jpeg 4 11 44 23 23 22 110 7 7 70 180 11 11 141 71 13 13 
positives/positive_194.jpeg 7 8 46 13 13 22 138 23 23 59 122 21 21 88 96 9 9 87 53 27 27 123 66 27 27 151 121 29 29 
positives/positive_195.jpeg 8 25 63 7 7 37 105 23 23 67 27 11 11 96 30 15 15 104 163 11 11 114 66 7 7 129 102 21 21 165 175 5 5 
positives/positive_196.jpeg 8 24 48 7 7 59 99 3 3 59 26 5 5 99 53 13 13 127 92 15 15 142 168 7 7 150 135 9 9 149 51 29 29 
positives/positive_197.jpeg 0 
positives/positive_198.jpeg 1 103 115 13 13 
positives/positive_199.jpeg 6 1 10 27 27 26 137 19 19 69 171 9 9 115 83 7 7 115 149 15 15 143 115 15 15 
positives/positive_200.jpeg 3 27 39 27 27 31 146 19 19 109 60 25 25 
positives/positive_201.jpeg 1 102 119 15 15 
positives/positive_202.jpeg 1 136 118 23 23 
positives/positive_203.jpeg 5 19 145 17 17 55 47 13 13 72 95 11 11 124 98 27 27 166 132 5 5 
positives/positive_204.jpeg 6 23 167 19 19 31 47 5 5 63 134 7 7 95 64 11 11 104 163 15 15 119 20 23 23 
positives/positive_205.jpeg 1 133 144 25 25 
positives/positive_206.jpeg 4 59 36 21 21 73 130 13 13 95 86 7 7 160 40 7 7 
positives/positive_207.jpeg 5 12 71 9 9 54 164 11 11 96 24 19 19 141 135 15 15 178 179 9 9 
positives/positive_208.jpeg 4 19 101 5 5 29 15 29 29 40 80 29 29 168 100 25 25 
positives/positive_209.jpeg 2 97 178 3 3 100 23 27 27 
positives/positive_210.jpeg 6 14 110 19 19 48 8 15 15 62 120 5 5 129 135 9 9 139 84 23 23 172 69 23 23 
positives/positive_211.jpeg 2 63 18 5 5 123 28 25 25 
positives/positive_212.jpeg 7 38 123 11 11 48 59 11 11 52 88 27 27 63 159 23 23 74 118 27 27 131 140 23 23 159 58 13 13 
positives/positive_213.jpeg 1 15 84 13 13 
positives/positive_214.jpeg 7 5 159 23 23 75 105 9 9 94 66 11 11 97 95 19 19 115 7 15 15 141 76 13 13 167 105 21 21 
positives/positive_215.jpeg 5 34 25 5 5 76 133 15 15 145 41 13 13 164 90 9 9 160 153 25 25 
positives/positive_216.jpeg 5 37 110 7 7 39 149 13 13 34 20 27 27 101 155 25 25 114 43 21 21 
positives/positive_217.jpeg 5 26 14 7 7 30 42 9 9 58 62 7 7 88 150 17 17 119 166 9 9 
positives/positive_218.jpeg 4 35 156 13 13 76 146 3 3 69 111 19 19 164 36 15 15 
positives/positive_219.jpeg 1 176 139 19 19 
positives/positive_220.jpeg 3 6 45 19 19 124 94 27 27 166 100 17 17 
positives/positive_221.jpeg 0 
positives/positive_222.jpeg 4 15 37 11 11 55 72 15 15 89 148 9 9 162 60 3 3 
positives/positive_223.jpeg 1 86 143 9 9 
positives/positive_224.jpeg 0 
positives/positive_225.jpeg 2 76 22 29 29 119 115 21 21 
positives/positive_226.jpeg 7 6 165 27 27 37 130 13 13 90 42 5 5 97 128 23 23 138 60 15 15 133 16 27 27 165 81 25 25 
positives/positive_227.jpeg 3 93 31 27 27 129 7 15 15 131 133 21 21 
positives/positive_228.jpeg 2 26 171 23 23 180 33 11 11 
positives/positive_229.jpeg 4 59 114 5 5 116 162 25 25 133 63 7 7 168 160 25 25 
positives/positive_230.jpeg 3 33 162 15 15 135 175 5 5 152 126 21 21 
positives/positive_231.jpeg 2 120 141 9 9 135 93 19 19 
positives/positive_232.jpeg 1 118 77 13 13 
positives/positive_233.jpeg 8 11 114 7 7 20 167 15 15 48 150 17 17 65 44 25 25 120 103 7 7 127 44 13 13 127 130 19 19 160 22 11 11 
positives/positive_234.jpeg 7 9 104 13 13 4 19 25 25 35 67 13 13 34 25 19 19 70 176 5 5 132 112 19 19 174 145 21 21 
positives/positive_235.jpeg 7 36 172 23 23 55 25 21 21 52 143 27 27 75 57 21 21 107 153 11 11 138 162 21 21 173 179 11 11 
positives/positive_236.jpeg 2 47 15 7 7 134 119 23 23 
positives/positive_237.jpeg 8 35 19 7 7 54 173 19 19 72 103 21 21 79 45 21 21 96 156 29 29 106 106 19 19 146 37 7 7 174 48 19 19 
positives/positive_238.jpeg 4 11 162 25 25 86 45 3 3 95 84 5 5 105 5 19 19 
positives/positive_239.jpeg 2 39 120 3 3 41 169 7 7 
positives/positive_240.jpeg 3 98 145 13 13 121 111 9 9 175 160 7 7 
positives/positive_241.jpeg 6 28 56 23 23 35 136 21 21 47 14 27 27 72 120 7 7 149 181 9 9 151 113 27 27 
positives/positive_242.jpeg 3 77 47 11 11 77 131 25 25 143 158 23 23 
positives/positive_243.jpeg 3 67 100 21 21 75 52 29 29 114 33 25 25 
positives/positive_244.jpeg 6 20 48 15 15 52 99 19 19 76 52 13 13 131 115 9 9 144 57 19 19 165 129 13 13 
positives/positive_245.jpeg 5 30 71 23 23 69 152 27 27 143 29 3 3 168 77 13 13 164 157 21 21 
positives/positive_246.jpeg 5 84 20 25 25 90 128 23 23 136 72 9 9 147 117 25 25 161 36 7 7 
positives/positive_247.jpeg 3 2 52 27 27 18 144 29 29 106 142 21 21 
positives/positive_248.jpeg 5 44 11 7 7 126 54 17 17 147 113 7 7 163 179 9 9 174 143 23 23 
positives/positive_249.jpeg 2 18 29 15 15 157 142 23 23 
