positives/positive_0.jpeg 3 57 220 11 11 63 323 45 45 76 32 49 49 
positives/positive_1.jpeg 5 27 97 55 55 73 296 55 55 98 114 55 55 176 235 11 11 324 342 51 51 
positives/positive_2.jpeg 5 107 79 47 47 179 123 45 45 250 338 21 21 310 80 27 27 320 279 39 39 
positives/positive_3.jpeg 5 262 257 5 5 256 41 43 43 320 355 11 11 315 206 51 51 317 118 53 53 
positives/positive_4.jpeg 6 15 167 31 31 75 317 51 51 131 137 13 13 164 277 13 13 214 162 55 55 260 96 3 3 
positives/positive_5.jpeg 3 125 223 53 53 234 181 17 17 312 176 7 7 
positives/positive_6.jpeg 3 68 227 27 27 214 138 25 25 320 89 55 55 
positives/positive_7.jpeg 2 266 122 49 49 285 317 57 57 
positives/positive_8.jpeg 6 65 48 49 49 116 209 17 17 116 119 45 45 154 53 57 57 279 241 17 17 363 228 13 13 
positives/positive_9.jpeg 3 51 202 35 35 125 214 9 9 341 91 13 13 
